       0
       0
       0
     508
     265
     161
     149
     126
     136
     147
     144
     125
     151
     130
     118
     129
     132
     125
     126
     125
     137
     139
     122
     132
     107
      98
     117
     150
     118
     120
     117
     145
     147
     125
     125
     122
     119
     127
     108
     108
      97
      90
      86
      91
     117
     107
     103
      98
      88
      88
      87
      82
      72
      95
      88
      94
      72
      74
      90
      83
      92
      74
      74
      67
      89
      84
      72
      88
      73
      59
      94
      70
      76
      70
      81
      62
      74
      79
      67
      70
      61
      63
      64
      63
      63
      67
      74
      52
      71
      59
      58
      53
      67
      59
      64
      71
      58
      61
      56
      61
      57
      64
      66
      48
      48
      58
      65
      48
      39
      45
      52
      48
      48
      52
      41
      54
      49
      41
      59
      44
      50
      48
      51
      44
      41
      38
      37
      39
      41
      41
      37
      33
      38
      35
      29
      46
      40
      37
      41
      26
      38
      46
      33
      32
      25
      35
      40
      33
      32
      31
      29
      25
      43
      28
      28
      40
      33
      28
      24
      21
      23
      20
      20
      26
      35
      36
      27
      36
      30
      25
      36
      35
      21
      24
      16
      20
      23
      21
      22
      17
      31
      26
      23
      25
      25
      16
      21
      34
      16
      24
      23
      23
      20
      18
      22
      25
      24
      23
      21
      18
      20
      30
      21
      19
      12
      24
      16
      17
      19
      16
      13
      18
      17
      14
      17
      21
      20
      19
      17
      14
      13
      14
      19
      13
      20
      15
      17
      14
      13
      23
      21
      19
      14
      20
      20
      16
      11
      19
      16
      16
      11
      15
      15
      12
      20
       7
      17
      13
      17
      11
      10
      13
      11
      13
      16
      11
      10
      10
      12
       9
      11
       8
      12
      15
      10
      11
      10
      15
       4
      15
      15
      10
      13
       8
       6
      10
      12
      10
       7
      11
       9
       6
       9
       5
       7
      12
      11
       5
       9
      10
      10
       9
       6
       9
       6
      14
       6
       6
      11
       4
       7
       5
       8
       6
       1
       6
       6
       4
       7
       7
       3
       7
       4
      10
       3
      11
      10
       7
       8
       3
       6
       7
       6
       4
       5
       4
       5
       9
       6
       9
       6
       2
       3
      12
       5
       7
       6
       5
      10
       7
       9
       8
      10
      12
       4
      10
      10
       4
       3
       7
       5
       7
       7
       3
       7
       4
       5
       2
       3
       8
       3
       4
       3
       3
       1
       7
       5
       4
       8
       3
       3
       1
       7
       4
       4
       3
       0
      10
       6
       2
       8
       5
       5
       7
       3
       2
       5
       4
       5
       2
       1
       5
       6
       0
      10
       2
       5
       9
       3
       3
       4
       1
       3
       5
       1
       2
       5
       4
       4
       3
       3
       3
       3
       4
       3
       1
       2
       2
       4
       3
       2
       3
       5
       3
       1
       2
       5
       0
       3
       4
       2
       6
       4
       2
       3
       4
       4
       2
       1
       1
       4
       3
       1
       4
       2
       4
       2
       1
       5
       1
       2
       0
       4
       3
       3
       3
       3
       2
       2
       4
       4
       1
       3
       1
       4
       3
       1
       3
       1
       2
       1
       0
       7
       2
       1
       0
       1
       3
       3
       1
       2
       1
       3
       3
       2
       1
       2
       2
       1
       3
       2
       3
       3
       2
       0
       1
       0
       0
       0
       0
       0
       0
       0
       0
       0
       0
       0
       0
       0
       0
       0
       0