0    21.7  22.6     0     0   0   0
5    26.4  25.1 16.01 152.6 2.5 5.0
10   29.9  30.2 16.10 153.2 6.5 6.0
15   33.3  35.2 16.16 153.7 4.5 3.4
20   36.9  39.0 16.21 154.0 0.5 0.4
25   40.1  40.8 16.25 154.2 0.5 0.4
30   43.0  42.9 16.28 154.4 3.5 3.4
35   45.9  45.8 16.30 154.5 5.0 3.8
40   48.7  49.4 16.31 154.6 5.0 3.4
45   51.6  52.4 16.33 154.7 2.5 2.0
50   54.6  54.6 16.34 154.8 2.5 1.8
55   57.1  56.4 16.35 154.8 3.0 2.4
60   59.7  59.0 16.37 154.9 5.0 3.6
65   62.3  62.4 16.37 154.9 5.5 3.6
70   64.8  66.4 16.38 155.0 6.0 3.4
75   67.5  69.2 16.39 155.0 0.5 0.4
80   70.1  71.1 16.39 155.0 0.5 0.4
85   72.6  71.2 16.39 155.0 0.5 0.4
90   74.9  74.6 16.40 155.1 4.5 3.0
95   77.5  78.8 16.39 155.1 1.0 0.6
100  79.8  79.2 16.39 155.0 6.5 4.0
105  82.2  81.9 16.40 155.1 3.5 2.0
110  84.6  87.3 16.40 155.2 3.0 2.0
115  87.3  87.3 16.40 155.2 4.0 2.4
120  89.5  88.2 16.40 155.2 4.0 2.4
125  91.6  91.6 16.40 155.2 4.0 2.4
130  93.8  93.8 16.40 155.2 5.5 3.2
135  96.2  96.7 16.40 155.2 5.0 2.8
140  98.2  98.7 16.40 155.2 5.0 2.8
145 100.8 100.6 16.39 155.3 5.0 2.8
150 103.0 102.9 16.39 155.3 6.5 3.2
155 105.3 105.3 16.38 155.3 5.5 2.8
160 107.4 107.3 16.38 155.3 6.5 3.4
165 109.8 110.3 16.38 155.3 5.5 2.8
170 112.0 111.8 16.38 155.3 5.5 2.8
